{
 "cells": [
  {
   "cell_type": "code",
   "execution_count": 2,
   "metadata": {},
   "outputs": [],
   "source": [
    "import pandas as pd\n",
    "import numpy as np\n"
   ]
  },
  {
   "cell_type": "code",
   "execution_count": 3,
   "metadata": {},
   "outputs": [],
   "source": [
    "r_cols = ['user_id', 'prd_id','title', 'rating']\n",
    "ratings = pd.read_csv('GAME1000.csv', sep=',', names=r_cols, usecols=range(4), encoding=\"ISO-8859-1\",skiprows=1)\n",
    "#ratings"
   ]
  },
  {
   "cell_type": "code",
   "execution_count": 4,
   "metadata": {},
   "outputs": [],
   "source": [
    "ratings =ratings.drop_duplicates()\n",
    "#ratings"
   ]
  },
  {
   "cell_type": "code",
   "execution_count": 5,
   "metadata": {},
   "outputs": [
    {
     "data": {
      "text/html": [
       "<div>\n",
       "<style scoped>\n",
       "    .dataframe tbody tr th:only-of-type {\n",
       "        vertical-align: middle;\n",
       "    }\n",
       "\n",
       "    .dataframe tbody tr th {\n",
       "        vertical-align: top;\n",
       "    }\n",
       "\n",
       "    .dataframe thead th {\n",
       "        text-align: right;\n",
       "    }\n",
       "</style>\n",
       "<table border=\"1\" class=\"dataframe\">\n",
       "  <thead>\n",
       "    <tr style=\"text-align: right;\">\n",
       "      <th>title</th>\n",
       "      <th>AC</th>\n",
       "      <th>FF15</th>\n",
       "      <th>FF7</th>\n",
       "      <th>GOW</th>\n",
       "      <th>GTA4</th>\n",
       "      <th>GTA5</th>\n",
       "      <th>LASTOFUS</th>\n",
       "      <th>MGS</th>\n",
       "      <th>MHW</th>\n",
       "      <th>RDR2</th>\n",
       "    </tr>\n",
       "    <tr>\n",
       "      <th>user_id</th>\n",
       "      <th></th>\n",
       "      <th></th>\n",
       "      <th></th>\n",
       "      <th></th>\n",
       "      <th></th>\n",
       "      <th></th>\n",
       "      <th></th>\n",
       "      <th></th>\n",
       "      <th></th>\n",
       "      <th></th>\n",
       "    </tr>\n",
       "  </thead>\n",
       "  <tbody>\n",
       "    <tr>\n",
       "      <th>Abba</th>\n",
       "      <td>1</td>\n",
       "      <td>1</td>\n",
       "      <td>1</td>\n",
       "      <td>1</td>\n",
       "      <td>1</td>\n",
       "      <td>1</td>\n",
       "      <td>1</td>\n",
       "      <td>0</td>\n",
       "      <td>1</td>\n",
       "      <td>1</td>\n",
       "    </tr>\n",
       "    <tr>\n",
       "      <th>Adaline</th>\n",
       "      <td>1</td>\n",
       "      <td>0</td>\n",
       "      <td>1</td>\n",
       "      <td>1</td>\n",
       "      <td>1</td>\n",
       "      <td>1</td>\n",
       "      <td>1</td>\n",
       "      <td>0</td>\n",
       "      <td>1</td>\n",
       "      <td>1</td>\n",
       "    </tr>\n",
       "    <tr>\n",
       "      <th>Allie</th>\n",
       "      <td>1</td>\n",
       "      <td>1</td>\n",
       "      <td>1</td>\n",
       "      <td>1</td>\n",
       "      <td>1</td>\n",
       "      <td>1</td>\n",
       "      <td>1</td>\n",
       "      <td>1</td>\n",
       "      <td>1</td>\n",
       "      <td>1</td>\n",
       "    </tr>\n",
       "    <tr>\n",
       "      <th>Amaleta</th>\n",
       "      <td>1</td>\n",
       "      <td>1</td>\n",
       "      <td>1</td>\n",
       "      <td>1</td>\n",
       "      <td>1</td>\n",
       "      <td>1</td>\n",
       "      <td>1</td>\n",
       "      <td>1</td>\n",
       "      <td>1</td>\n",
       "      <td>1</td>\n",
       "    </tr>\n",
       "    <tr>\n",
       "      <th>Arlan</th>\n",
       "      <td>1</td>\n",
       "      <td>1</td>\n",
       "      <td>1</td>\n",
       "      <td>1</td>\n",
       "      <td>1</td>\n",
       "      <td>0</td>\n",
       "      <td>0</td>\n",
       "      <td>1</td>\n",
       "      <td>1</td>\n",
       "      <td>1</td>\n",
       "    </tr>\n",
       "  </tbody>\n",
       "</table>\n",
       "</div>"
      ],
      "text/plain": [
       "title    AC  FF15  FF7  GOW  GTA4  GTA5  LASTOFUS  MGS  MHW  RDR2\n",
       "user_id                                                          \n",
       "Abba      1     1    1    1     1     1         1    0    1     1\n",
       "Adaline   1     0    1    1     1     1         1    0    1     1\n",
       "Allie     1     1    1    1     1     1         1    1    1     1\n",
       "Amaleta   1     1    1    1     1     1         1    1    1     1\n",
       "Arlan     1     1    1    1     1     0         0    1    1     1"
      ]
     },
     "execution_count": 5,
     "metadata": {},
     "output_type": "execute_result"
    }
   ],
   "source": [
    "prdRatings = ratings.pivot_table(index=['user_id'],columns=['title'],values='rating',fill_value=0)\n",
    "prdRatings.head()\n"
   ]
  },
  {
   "cell_type": "code",
   "execution_count": 6,
   "metadata": {},
   "outputs": [],
   "source": [
    "iRecurrence = 1\n",
    "prdStats = ratings.groupby('title').agg({'rating': [np.size, np.mean]})\n",
    "popularPrdTmp = prdStats['rating']['size'] >= iRecurrence\n",
    "popularPrd = prdStats[popularPrdTmp].sort_values([('rating', 'mean')], ascending=False)\n"
   ]
  },
  {
   "cell_type": "code",
   "execution_count": 7,
   "metadata": {},
   "outputs": [],
   "source": [
    "def recommendItem(sItemNm, dfPivotRating,dfPopularItems):\n",
    "    \n",
    "    inferenceRatings = dfPivotRating[sItemNm] \n",
    "    inferenceRatings.head()\n",
    "\n",
    "    similarItems = dfPivotRating.corrwith(inferenceRatings,axis=0)\n",
    "    similarItems = similarItems.dropna()\n",
    "    similarItems = similarItems.sort_values(ascending=False)\n",
    "    \n",
    "    df = dfPopularItems.join(pd.DataFrame(similarItems, columns=['similarity']))\n",
    "    df = df.sort_values(['similarity'], ascending=False)\n",
    "    return df\n",
    "   \n",
    "    \n",
    "#dfTmp = recommendItem(\"FF7\",prdRatings,popularPrd)\n",
    "#print(dfTmp.head())\n",
    "  \n"
   ]
  },
  {
   "cell_type": "code",
   "execution_count": 8,
   "metadata": {},
   "outputs": [
    {
     "name": "stderr",
     "output_type": "stream",
     "text": [
      "/home/yockgen/.local/lib/python3.8/site-packages/pandas/core/reshape/merge.py:648: UserWarning: merging between different levels can give an unintended result (2 levels on the left,1 on the right)\n",
      "  warnings.warn(msg, UserWarning)\n"
     ]
    }
   ],
   "source": [
    "cols_nm = ['title']\n",
    "for col in prdRatings.columns:\n",
    "    cols_nm.append(col)\n",
    "\n",
    "dfResult = pd.DataFrame(columns=cols_nm)\n",
    "\n",
    "for col in prdRatings.columns: \n",
    "    dfTmp = recommendItem(col,prdRatings,popularPrd)\n",
    "    dTmp = {}\n",
    "    dTmp['title'] = col\n",
    "    for idx, row in dfTmp.iterrows():         \n",
    "        dTmp[idx] = row['similarity']\n",
    "    dfResult = dfResult.append(dTmp , ignore_index=True)\n",
    "    \n",
    "#dTmp = {}\n",
    "#dTmp['MGS'] = \"gen\"\n",
    "#dTmp ['FF7'] = \"mah\"\n",
    "#dfResult = dfResult.append(dTmp , ignore_index=True)\n",
    "\n",
    "\n",
    "#dfResult"
   ]
  },
  {
   "cell_type": "code",
   "execution_count": 9,
   "metadata": {},
   "outputs": [],
   "source": [
    "lstCsv = []\n",
    "strHeader = \"\"\n",
    "for col in dfResult.columns:\n",
    "    strHeader +=  col + \",\" \n",
    "lstCsv.append(strHeader[:-1] + \"\\n\")  \n",
    "\n",
    "for row in dfResult.iterrows(): \n",
    "    strRow = \"\"\n",
    "    for col in row[1]:\n",
    "        strRow += str(col) + \",\"  \n",
    "    lstCsv.append(strRow[:-1] + \"\\n\")  \n",
    "\n",
    "#print (str(lstCsv))"
   ]
  },
  {
   "cell_type": "code",
   "execution_count": 10,
   "metadata": {},
   "outputs": [],
   "source": [
    "f = open('temp.csv', 'w')\n",
    "with f:\n",
    "    for row in lstCsv:\n",
    "       f.writelines(row)\n",
    "\n",
    "f.close() "
   ]
  },
  {
   "cell_type": "code",
   "execution_count": 11,
   "metadata": {},
   "outputs": [
    {
     "name": "stdout",
     "output_type": "stream",
     "text": [
      "title,AC,FF15,FF7,GOW,GTA4,GTA5,LASTOFUS,MGS,MHW,RDR2\n",
      "\n",
      "AC,0.9999999999999998,0.3831232818676386,-0.12309149097933259,-0.012815774135146653,-0.04754330548804468,-0.1489923873929707,0.0820609939862219,0.02837950236056587,0.23869648112406272,-0.1363636363636362\n",
      "\n",
      "FF15,0.3831232818676386,1.0,-0.13449109746432153,-0.03900739260141337,-0.0751366573213385,-0.16279069767441898,-0.13449109746432153,0.0033222591362126012,-0.08235864093362708,0.028379502360565807\n",
      "\n",
      "FF7,-0.1230914909793326,-0.13449109746432153,1.0,0.01735264020984513,-0.01609348498617553,0.05763904177042361,-0.11111111111111113,-0.13449109746432156,-0.0680413817439772,0.08206099398622192\n",
      "\n",
      "GOW,-0.012815774135146655,-0.03900739260141337,0.017352640209845133,1.0,0.002513380092188777,0.11102104048094577,0.017352640209845144,-0.03900739260141339,-0.09563650695950078,-0.17301295082447832\n",
      "\n",
      "GTA4,-0.04754330548804469,-0.0751366573213385,-0.016093484986175525,0.0025133800921887774,0.9999999999999999,0.0640053006811403,-0.17702833484793143,0.06400530068114027,0.13797289239745267,-0.04754330548804462\n",
      "\n",
      "GTA5,-0.1489923873929707,-0.162790697674419,0.057639041770423616,0.11102104048094577,0.0640053006811403,0.9999999999999999,0.05763904177042367,0.16943521594684416,-0.0823586409336271,0.2057513921141024\n",
      "\n",
      "LASTOFUS,0.0820609939862219,-0.13449109746432153,-0.11111111111111113,0.01735264020984514,-0.17702833484793143,0.057639041770423664,1.0,-0.1344910974643215,0.2721655269759088,-0.12309149097933264\n",
      "\n",
      "MGS,0.028379502360565866,0.0033222591362126012,-0.13449109746432156,-0.03900739260141339,0.06400530068114027,0.16943521594684416,-0.1344910974643215,0.9999999999999999,-0.08235864093362708,0.028379502360565956\n",
      "\n",
      "MHW,0.23869648112406272,-0.08235864093362709,-0.0680413817439772,-0.0956365069595008,0.13797289239745267,-0.0823586409336271,0.2721655269759088,-0.08235864093362708,1.0,-0.07537783614444087\n",
      "\n",
      "RDR2,-0.1363636363636362,0.028379502360565807,0.08206099398622192,-0.17301295082447832,-0.04754330548804462,0.2057513921141024,-0.12309149097933263,0.028379502360565953,-0.07537783614444087,0.9999999999999998\n",
      "\n"
     ]
    }
   ],
   "source": [
    "f = open('temp.csv', 'r')\n",
    "with f:\n",
    "    for row in f:             \n",
    "        print(row)\n",
    "f.close() "
   ]
  },
  {
   "cell_type": "code",
   "execution_count": 12,
   "metadata": {},
   "outputs": [
    {
     "data": {
      "text/html": [
       "<div>\n",
       "<style scoped>\n",
       "    .dataframe tbody tr th:only-of-type {\n",
       "        vertical-align: middle;\n",
       "    }\n",
       "\n",
       "    .dataframe tbody tr th {\n",
       "        vertical-align: top;\n",
       "    }\n",
       "\n",
       "    .dataframe thead th {\n",
       "        text-align: right;\n",
       "    }\n",
       "</style>\n",
       "<table border=\"1\" class=\"dataframe\">\n",
       "  <thead>\n",
       "    <tr style=\"text-align: right;\">\n",
       "      <th></th>\n",
       "      <th>title</th>\n",
       "      <th>AC</th>\n",
       "      <th>FF15</th>\n",
       "      <th>FF7</th>\n",
       "      <th>GOW</th>\n",
       "      <th>GTA4</th>\n",
       "      <th>GTA5</th>\n",
       "      <th>LASTOFUS</th>\n",
       "      <th>MGS</th>\n",
       "      <th>MHW</th>\n",
       "      <th>RDR2</th>\n",
       "    </tr>\n",
       "  </thead>\n",
       "  <tbody>\n",
       "    <tr>\n",
       "      <th>0</th>\n",
       "      <td>AC</td>\n",
       "      <td>1.000000</td>\n",
       "      <td>0.383123</td>\n",
       "      <td>-0.123091</td>\n",
       "      <td>-0.012816</td>\n",
       "      <td>-0.047543</td>\n",
       "      <td>-0.148992</td>\n",
       "      <td>0.082061</td>\n",
       "      <td>0.028380</td>\n",
       "      <td>0.238696</td>\n",
       "      <td>-0.136364</td>\n",
       "    </tr>\n",
       "    <tr>\n",
       "      <th>1</th>\n",
       "      <td>FF15</td>\n",
       "      <td>0.383123</td>\n",
       "      <td>1.000000</td>\n",
       "      <td>-0.134491</td>\n",
       "      <td>-0.039007</td>\n",
       "      <td>-0.075137</td>\n",
       "      <td>-0.162791</td>\n",
       "      <td>-0.134491</td>\n",
       "      <td>0.003322</td>\n",
       "      <td>-0.082359</td>\n",
       "      <td>0.028380</td>\n",
       "    </tr>\n",
       "    <tr>\n",
       "      <th>2</th>\n",
       "      <td>FF7</td>\n",
       "      <td>-0.123091</td>\n",
       "      <td>-0.134491</td>\n",
       "      <td>1.000000</td>\n",
       "      <td>0.017353</td>\n",
       "      <td>-0.016093</td>\n",
       "      <td>0.057639</td>\n",
       "      <td>-0.111111</td>\n",
       "      <td>-0.134491</td>\n",
       "      <td>-0.068041</td>\n",
       "      <td>0.082061</td>\n",
       "    </tr>\n",
       "    <tr>\n",
       "      <th>3</th>\n",
       "      <td>GOW</td>\n",
       "      <td>-0.012816</td>\n",
       "      <td>-0.039007</td>\n",
       "      <td>0.017353</td>\n",
       "      <td>1.000000</td>\n",
       "      <td>0.002513</td>\n",
       "      <td>0.111021</td>\n",
       "      <td>0.017353</td>\n",
       "      <td>-0.039007</td>\n",
       "      <td>-0.095637</td>\n",
       "      <td>-0.173013</td>\n",
       "    </tr>\n",
       "    <tr>\n",
       "      <th>4</th>\n",
       "      <td>GTA4</td>\n",
       "      <td>-0.047543</td>\n",
       "      <td>-0.075137</td>\n",
       "      <td>-0.016093</td>\n",
       "      <td>0.002513</td>\n",
       "      <td>1.000000</td>\n",
       "      <td>0.064005</td>\n",
       "      <td>-0.177028</td>\n",
       "      <td>0.064005</td>\n",
       "      <td>0.137973</td>\n",
       "      <td>-0.047543</td>\n",
       "    </tr>\n",
       "    <tr>\n",
       "      <th>5</th>\n",
       "      <td>GTA5</td>\n",
       "      <td>-0.148992</td>\n",
       "      <td>-0.162791</td>\n",
       "      <td>0.057639</td>\n",
       "      <td>0.111021</td>\n",
       "      <td>0.064005</td>\n",
       "      <td>1.000000</td>\n",
       "      <td>0.057639</td>\n",
       "      <td>0.169435</td>\n",
       "      <td>-0.082359</td>\n",
       "      <td>0.205751</td>\n",
       "    </tr>\n",
       "    <tr>\n",
       "      <th>6</th>\n",
       "      <td>LASTOFUS</td>\n",
       "      <td>0.082061</td>\n",
       "      <td>-0.134491</td>\n",
       "      <td>-0.111111</td>\n",
       "      <td>0.017353</td>\n",
       "      <td>-0.177028</td>\n",
       "      <td>0.057639</td>\n",
       "      <td>1.000000</td>\n",
       "      <td>-0.134491</td>\n",
       "      <td>0.272166</td>\n",
       "      <td>-0.123091</td>\n",
       "    </tr>\n",
       "    <tr>\n",
       "      <th>7</th>\n",
       "      <td>MGS</td>\n",
       "      <td>0.028380</td>\n",
       "      <td>0.003322</td>\n",
       "      <td>-0.134491</td>\n",
       "      <td>-0.039007</td>\n",
       "      <td>0.064005</td>\n",
       "      <td>0.169435</td>\n",
       "      <td>-0.134491</td>\n",
       "      <td>1.000000</td>\n",
       "      <td>-0.082359</td>\n",
       "      <td>0.028380</td>\n",
       "    </tr>\n",
       "    <tr>\n",
       "      <th>8</th>\n",
       "      <td>MHW</td>\n",
       "      <td>0.238696</td>\n",
       "      <td>-0.082359</td>\n",
       "      <td>-0.068041</td>\n",
       "      <td>-0.095637</td>\n",
       "      <td>0.137973</td>\n",
       "      <td>-0.082359</td>\n",
       "      <td>0.272166</td>\n",
       "      <td>-0.082359</td>\n",
       "      <td>1.000000</td>\n",
       "      <td>-0.075378</td>\n",
       "    </tr>\n",
       "    <tr>\n",
       "      <th>9</th>\n",
       "      <td>RDR2</td>\n",
       "      <td>-0.136364</td>\n",
       "      <td>0.028380</td>\n",
       "      <td>0.082061</td>\n",
       "      <td>-0.173013</td>\n",
       "      <td>-0.047543</td>\n",
       "      <td>0.205751</td>\n",
       "      <td>-0.123091</td>\n",
       "      <td>0.028380</td>\n",
       "      <td>-0.075378</td>\n",
       "      <td>1.000000</td>\n",
       "    </tr>\n",
       "  </tbody>\n",
       "</table>\n",
       "</div>"
      ],
      "text/plain": [
       "      title        AC      FF15       FF7       GOW      GTA4      GTA5  \\\n",
       "0        AC  1.000000  0.383123 -0.123091 -0.012816 -0.047543 -0.148992   \n",
       "1      FF15  0.383123  1.000000 -0.134491 -0.039007 -0.075137 -0.162791   \n",
       "2       FF7 -0.123091 -0.134491  1.000000  0.017353 -0.016093  0.057639   \n",
       "3       GOW -0.012816 -0.039007  0.017353  1.000000  0.002513  0.111021   \n",
       "4      GTA4 -0.047543 -0.075137 -0.016093  0.002513  1.000000  0.064005   \n",
       "5      GTA5 -0.148992 -0.162791  0.057639  0.111021  0.064005  1.000000   \n",
       "6  LASTOFUS  0.082061 -0.134491 -0.111111  0.017353 -0.177028  0.057639   \n",
       "7       MGS  0.028380  0.003322 -0.134491 -0.039007  0.064005  0.169435   \n",
       "8       MHW  0.238696 -0.082359 -0.068041 -0.095637  0.137973 -0.082359   \n",
       "9      RDR2 -0.136364  0.028380  0.082061 -0.173013 -0.047543  0.205751   \n",
       "\n",
       "   LASTOFUS       MGS       MHW      RDR2  \n",
       "0  0.082061  0.028380  0.238696 -0.136364  \n",
       "1 -0.134491  0.003322 -0.082359  0.028380  \n",
       "2 -0.111111 -0.134491 -0.068041  0.082061  \n",
       "3  0.017353 -0.039007 -0.095637 -0.173013  \n",
       "4 -0.177028  0.064005  0.137973 -0.047543  \n",
       "5  0.057639  0.169435 -0.082359  0.205751  \n",
       "6  1.000000 -0.134491  0.272166 -0.123091  \n",
       "7 -0.134491  1.000000 -0.082359  0.028380  \n",
       "8  0.272166 -0.082359  1.000000 -0.075378  \n",
       "9 -0.123091  0.028380 -0.075378  1.000000  "
      ]
     },
     "execution_count": 12,
     "metadata": {},
     "output_type": "execute_result"
    }
   ],
   "source": [
    "dfResult"
   ]
  },
  {
   "cell_type": "code",
   "execution_count": null,
   "metadata": {},
   "outputs": [],
   "source": []
  }
 ],
 "metadata": {
  "kernelspec": {
   "display_name": "Python 3",
   "language": "python",
   "name": "python3"
  },
  "language_info": {
   "codemirror_mode": {
    "name": "ipython",
    "version": 3
   },
   "file_extension": ".py",
   "mimetype": "text/x-python",
   "name": "python",
   "nbconvert_exporter": "python",
   "pygments_lexer": "ipython3",
   "version": "3.8.5"
  }
 },
 "nbformat": 4,
 "nbformat_minor": 2
}
